0.0215671398
-0.0219015647
0.00263516372
0.0493082516
0.235656559
-0.130388245
-0.113564022
0.00593596604
-0.0670758635
0.025257539
0.0490793884
0.0547129996
0.118426822
0.214962572
-0.00297683571
-0.0712177679
-0.161826938
-0.0860303417
0.0484197065
-0.0240609664
-0.0776316524
0.0712696612
0.210723296
0.111981481
-0.0494628139
-0.0435267203
0.0167620722
0.0226503257
0.156729177
0.172722757
0.116139621
0.150294408
0.202079028
0.0387795903
-0.119790278
-0.02812743
-0.0724937543
-0.0210612603
-0.0886295289
-0.136985064
0.0782887042
-0.193776041
-0.153776243
-0.151622877
-0.121369913
0.0412955135
0.156000614
0.0482190326
0.150811806
0.0977774933
0.0877258927
-0.113691874
-0.110254712
0.0257693529
0.00954487454
0.0817853734
-0.0830730721
-0.0740675256
-0.0238980651
-0.0836554617
-0.054362379
-0.0812032223
-0.00698437635
0.0248500649
0.0511276983
0.0807770044
0.254300803
0.138419211
0.235967621
0.071674183
0.101047382
0.12248645
0.00769589702
0.135433972
0.146181986
0.0526694804
0.0552203618
-0.0538787358
-0.0188794564
0.0403896756
0.0611413196
0.0479453951
0.136866242
0.139046118
-0.00756337959
0.0608610176
0.040083576
-0.122909486
0.120161451
0.0640969649
0.0162280723
-0.0716014802
0.120806314
0.145086244
0.179868504
-0.102666005
0.0307395961
0.0983552039
0.122193798
0.0246211626
0.129885197
0.0602577329
0.0329361707
0.181824356
-0.012388627
0.0132421544
0.0613245256
-0.0475851409
0.0804394633
0.152588025
0.0332273431
-0.0338034667
-0.0402841605
0.0757858381
-0.0193176344
0.0484046526
0.0164374504
0.0802361071
0.0223061293
0.0302747712
-0.172468662
-0.182776287
-0.0972358659
-0.0205782689
0.0490879714
-0.0100696413
0.00535217952
0.130180836
0.0511576161
-0.0253836736
0.056753289
0.17876716
0.0479534082
0.073716633
0.0116313826
0.117592484
-0.0199014377
-0.0369216502
0.0118463663
0.0901193097
0.00769051816
-0.0943144336
0.116249897
-0.0186241399
0.18075414
0.211056709
0.0414795056
-0.122527689
-0.136785626
-0.0247794557
0.119369
0.147097841
0.132333696
0.0334023386
0.111005276
-0.115444727
-0.342888474
-0.396650851
-0.204701573
-0.0472784191
0.0427586101
-0.0409588292
0.124731079
0.100473061
0.0578317977
0.147171497
-0.0584584437
0.0156300589
-0.15514271
0.0272521283
0.0627056584
-0.135285899
-0.0528032929
-0.115936927
-0.196220919
-0.078134194
-0.107158929
-0.13650097
0.0208626371
0.0147240851
0.11421667
0.211347908
0.0119097568
-0.0102408854
-0.171321422
0.0168660823
0.08658728
0.251199007
0.0746361092
-0.0925922915
0.0909489319
-0.0658755824
-0.0704817474
-0.127172947
-0.0482417271
-0.00943580735
-0.0044091302
-0.0698416606
0.160265446
0.0406677015
-0.124324158
-0.0440179072
0.0281128548
0.0862339661
-0.0116631892
0.202945501
0.32420218
0.0110648274
-0.0590703674
-0.0829183683
-0.0445395149
0.0974381566
-0.0274204016
0.0114587946
0.080483377
0.0261003301
0.0123042753
0.0334403813
-0.0483374037
-0.053924717
-0.0703954771
0.0587153584
0.067765817
0.132822365
0.117016993
-0.110901341
-0.101282194
-0.0777219981
0.0954426154
0.130285844
0.112883195
0.0765606537
0.058701504
-0.0305505767
0.0913115293
-0.0279392544
-0.0253250133
0.163405001
-0.0362618044
0.0487333946
0.0725608915
0.0229347851
0.0862526298
-0.00717609841
-0.0657616109
-0.00718081882
0.220829248
0.146906391
0.0944475681
0.059082672
-0.137349486
0.00377008924
-0.0462608337
-0.0523509942
-0.144816756
-0.152664229
0.142474279
0.0123734074
-0.134025812
-0.00815524627
-0.13813296
-0.00760788098
-0.0255941749
-0.167866707
-0.137334511
0.0732349232
0.109238073
-0.148680449
-0.0798896551
-0.0503634922
0.0364912525
0.0584567115
-0.0946506113
0.247450486
0.212802321
0.0518171862
-0.0517527647
0.128119484
-0.0207972489
0.0313186795
-0.0503355451
0.0632887632
0.122356489
0.0911319703
0.244785398
-0.0132168327
0.142130569
0.0488540977
0.115880661
0.0547310896
-0.132749498
-0.240910709
0.0912908837
-0.0132211093
-0.0949811339
-0.114275925
-0.0460566692
0.0130201764
-0.0381724425
-0.0246256664
0.10126777
0.095857963
0.111483529
-0.0238323249
0.0476634018
0.0231482107
-0.0357386582
-0.109078877
-0.00627049524
0.0714935213
0.120368436
0.112055741
-0.0707201064
-0.0479336008
-0.0804340616
-0.0100746835
0.0378551073
0.040686965
0.0770250708
0.202333227
0.151623562
0.0502521731
0.0208886974
-0.0492720082
-0.0295756608
-0.0984988436
-0.0593119413
0.100522816
0.093705222
0.00573815312
-0.00308740581
-0.0106461588
0.00305925589
-0.0816775933
0.0105482498
-0.0430275798
0.0180695299
0.0910352245
0.0980084687
0.0478441454
0.0164255556
-0.0387597978
-0.0167219769
-0.0385089144
0.0841775984
0.163027167
0.0266087931
0.0320255235
0.0052124029
0.00541816792
0.0126091335
-0.000356250646
-0.0590498149
0.102460541
0.0755316913
0.0434070863
0.111282252
0.0767017454
-0.0127049051
0.0632028878
0.0913877115
0.0801313519
-0.00220398442
0.118044369
0.0877704397
0.110900998
0.135938227
0.0578906126
0.0779492632
0.0303422771
0.0202570558
-0.0927849635
0.0277378522
0.0413280874
-0.145573452
-0.0671225339
0.00267332024
0.106614798
0.0649972782
0.0409645513
0.0529936217
0.0449561179
0.063096948
0.119102456
0.158873543
0.114252359
0.144165009
-0.0523565412
-0.0572552197
-0.183003247
0.0139770051
0.0871140361
0.00335368095
0.0129374992
0.065945074
0.0316271819
0.0724398792
0.0970723853
0.12752834
0.182996005
0.0154093029
0.0395457968
-0.0313096568
0.0112108551
0.133061677
-0.00724618463
0.000447262719
0.0783824399
-0.0873405486
-0.020203229
-0.133500651
-0.126775175
-0.152842149
0.08334025
-0.0627285913
0.102748409
0.0838194489
0.0728568137
0.0416008234
0.206927896
0.0806411505
-0.0344667435
-0.00502845785
-0.0231277272
0.171936408
0.140332341
-0.0514927469
-0.0183049161
-0.0439210348
-0.0670912564
-0.0386186503
-0.0746745318
0.0331450403
-0.0363690481
-0.0517888367
-0.0565677583
0.0132746184
-0.119950786
0.0895588547
-0.00557258027
0.12744166
0.083385244
0.0196591094
0.0153144943
-0.0493169725
-0.0495578647
-0.119385548
-0.00537795061
0.068624936
0.0268746912
0.103310362
0.164104119
0.109993398
0.0863799527
0.0227308832
-0.0135430135
0.0413810834
-0.0156531185
-0.0301213525
0.109818771
0.176526085
0.0168065317
-0.00750264339
-0.00187848473
-0.0470715426
0.0313663743
0.0615965314
-0.033627186
0.108985998
-0.014242772
-0.0290901326
-0.0295510069
-0.201800436
-0.141295254
0.0349999927
0.0875311121
0.055182565
-0.148761824
-0.115184411
-0.0527498424
0.132632896
-0.0397630893
0.0443928204
-0.0749649331
-0.11327906
0.00507617602
0.0868157744
0.120644286
0.0218223594
0.0559075065
-0.0126599353
0.131737262
0.114277489
0.221261129
0.0598142184
-0.0671688542
-0.072080195
-0.0111453524
0.0272701588
0.140543893
0.347870469
0.0818010792
0.0882268548
0.0991993025
0.0369941778
0.000586885784
-0.194028884
-0.0161580946
-0.0243010409
-0.214699641
-0.207699791
0.0438305549
-0.0278806519
0.0435013175
0.053565301
0.021723669
0.188513517
0.0570362769
0.0263061337
-0.0662516505
0.0229814351
-0.0481233895
0.116854966
0.120492749
-0.0161673892
0.0344570056
0.0193104576
0.0639371797
-0.0760226026
0.0203767885
-0.00518389931
0.213275701
0.308551967
0.0929892734
0.183041573
0.114491463
0.230062798
-0.0451461263
0.0350242779
0.0932489708
-0.0010077901
0.108787797
-0.0785214975
0.0955613106
0.0856419057
0.0198406968
-0.018210113
0.0286434311
-0.0940767154
-0.0357057489
-5.91557728e-05
0.0289600976
-0.0411937088
-0.016823519
0.122562736
0.0300518647
0.107052736
-0.0642515421
0.169056907
0.197962359
-0.123681992
0.0367429703
0.200036362
-0.0216635633
-0.00818163715
-0.0247617792
-0.00239705504
0.0214442462
0.072342895
-0.0455588922
-0.0250769984
0.0160471741
0.114186101
-0.0649277568
-0.0540042184
-0.0743001178
0.0457455628
0.0412586965
0.0847782195
0.117596149
0.120875381
0.0291042347
0.0319358334
0.0649132505
0.0356103927
0.154519454
0.05629614
0.114910349
0.127117813
-0.0571500286
-0.00940147229
-0.00999183767
0.028643731
0.21864669
0.0128785241
-0.0388612933
0.0546662137
-0.0925550461
-0.0379022881
0.073379755
0.0413327366
0.0424426496
0.0239370465
0.00468824618
0.12036708
0.00455539068
-0.0944975466
0.00570141943
-0.0447353683
-0.0998731926
0.0511106998
0.0952203125
0.0896831378
0.0582441688
0.148924798
0.0724840313
-0.111583643
0.0157690886
0.0362629481
0.0405590311
0.144950837
-0.121134661
-0.0504816212
-0.059886694
-0.0225004666
0.162921771
0.0737851858
-0.0525712818
-0.0140856616
-0.0125548234
0.0265501384
0.158689961
0.143546268
-0.0740934089
-0.0919177234
-0.0674236268
-0.0476921499
0.0231295452
0.0823769048
0.0664818436
0.000874507299
0.0591784641
-0.115318045
0.200966567
0.0212467834
-0.0412468277
0.0500887185
0.0580654219
-0.0964788198
0.0493519641
0.0942762792
0.0964640677
-0.011859444
0.129515246
0.0224535819
-0.0729564354
0.00249519292
-0.0316129252
0.0389996022
-0.0713943318
-0.0617910586
-0.0939850286
-0.00211523497
-0.0269556977
0.0186699983
-0.0108876172
0.0234862734
0.0444988571
0.22180064
0.165088281
0.0932225883
-0.0419227965
0.0872482955
0.128012493
0.0958080366
-0.0401643738
-0.0833847374
-0.135905877
-0.0467179902
0.0424510315
0.180426836
0.0809484571
0.0114242518
0.0191362593
0.112508647
0.081661649
-0.0732059255
-0.0539585911
-0.0976975635
0.103733622
-0.0383014828
-0.0491574965
0.00503775338
0.225109875
0.131109834
-0.114932686
-0.177166864
-0.150084928
-0.185992703
-0.197036505
0.0202947203
0.0488692746
0.114415258
-0.0668829009
-0.118407771
0.0978421643
0.0683994219
0.233197406
0.0877493918
-0.00725613395
0.0230451301
0.161212832
0.0839178935
-0.0853360593
-0.0648326725
-0.101721935
0.00665079523
-0.0922646374
0.0327096321
0.0249323994
-0.0250719767
0.0420510396
0.0572138466
0.0155271664
-0.0660691634
-0.0258441959
0.014257106
0.0407854728
-0.0346484147
-0.0917430073
-0.0390665755
-0.0151018724
-0.0250475723
-0.01334091
0.0769663826
0.134230018
0.0269289743
-0.0939649791
0.126183197
0.113444902
0.112002052
0.0443724208
0.0914310813
0.020454878
0.0066886018
-0.0251737591
0.0119771343
-0.0446334928
0.0400408395
-0.0147286607
0.0143757658
0.100995615
0.0301410146
0.127748296
0.0212586466
-0.0366794169
0.0564349368
0.063352786
-0.110397413
-0.152225867
-0.120331265
-0.142156005
-0.0568877794
-0.113746464
-0.136228502
0.13915886
0.224833533
0.0186385345
0.0116292331
0.0955019742
-0.00252376613
-0.0474508964
-0.00568686984
0.0902184546
0.112433076
0.0975855589
-0.0183297973
0.0953773409
0.0517175943
0.0042924718
0.000384962157
-0.0534453578
-0.0362109691
0.251607537
0.368349165
0.139898896
0.0989173874
0.0705702379
0.133267686
0.203370139
0.11899744
0.154083356
0.0564032495
0.122034006
-0.0200329404
0.042743139
0.211220577
0.132525399
0.0188577268
-0.0346944295
0.00214031665
-0.157376722
-0.0733024254
0.0160377994
-0.129931152
-0.225969464
-0.096963577
-0.180609196
-0.0518851914
-0.0945383236
0.105065666
0.289593816
0.0778290108
0.131835669
0.142974421
0.191066489
0.131636322
0.0474313423
0.0224932916
0.0129780555
0.144215092
0.161282092
0.0742200986
0.0661610663
0.0603714772
-0.152307495
0.00817018189
-0.0240274183
-0.18683207
-0.159603432
0.089963384
-0.00599231152
-0.104336292
0.0122815743
0.0935631394
0.129839778
-0.020765854
-0.0521603003
-0.0373903066
-0.0782954022
-0.112994544
0.0290189758
-0.0452739149
0.186702609
0.026179539
0.0111766132
-0.0200875867
-0.00779544702
0.184038296
0.166088864
0.142922774
0.0268384162
0.128620446
0.279298246
0.0365298279
-0.00370407221
-0.027532028
-0.0852973014
-0.0611538142
0.00590310711
-0.109375611
0.0217792355
0.0009417127
0.0501362979
0.0573110357
-0.0550048202
0.0339013934
0.0233094133
0.0349825509
0.0829149708
0.176274091
0.0106903818
0.0628119186
-0.00516166771
-0.0993726552
-0.0406740345
0.051852949
0.139130712
-0.0162570085
0.0552153252
0.121645883
0.123236135
0.0998869315
-0.0199932382
0.0133771403
0.0539016575
0.12616317
0.00921174139
0.0559249409
-0.0192370005
0.0708118603
0.0039680223
-0.0600061305
-0.116395183
-0.122256018
0.158147946
0.0465657748
-0.0297135673
0.0567618161
0.0365396664
-0.0315119214
-0.0448364168
-0.0585775301
0.140754476
0.0205017757
-0.0160934497
0.0691477954
0.0710719898
0.172437295
0.0747407451
-0.0406650752
-0.221175224
0.0114992009
-0.0117689548
0.0431732908
0.0152394371
-0.0370957516
-0.015685007
0.0815696865
-0.00192833855
-0.136568129
-0.0118599879
0.102165706
0.0833238289
0.098589398
-0.00421975739
0.0644881651
0.0449176021
-0.00940778386
-0.202142075
-0.0850529522
0.136868715
0.121898256
-0.0401355661
-0.121553063
-0.017100215
0.0720798522
-0.0921525434
-0.0294966865
0.200021058
0.0082198279
0.0568511859
0.00428034691
-0.00630155252
-0.0743894055
-0.00360577018
0.00487947045
0.0399273671
0.00233937101
-0.0482872725
-0.0650091544
-0.181629181
-0.0863638595
-0.130575821
0.0204549618
-0.0812359825
-0.0896406099
0.0262471531
-0.0329029672
0.0350582302
-0.11741741
-0.0198243149
-0.0178942233
0.0329135209
-0.0385410637
0.0697190017
0.0431002304
-0.0103268949
0.0155943511
-0.127322093
-0.116689406
0.0244459398
0.0159458984
-0.00726787234
-0.0135995457
0.0604958944
-0.00399021804
0.0918612257
0.0432761535
-0.0974999517
-0.140406206
-0.151893064
-0.0326402485
0.0728459954
0.125510216
0.120252758
0.0464254655
0.0401511975
-0.17460902
-0.219454318
0.0487220474
0.0287365597
-0.040487349
-0.0443332493
-0.144179404
0.0454237238
0.039144326
0.0674694628
0.102448642
-0.157929003
0.00615976704
0.0260482896
0.0897721276
0.185793445
-0.0146881379
-0.00658673095
0.12485157
-0.0740100443
-0.113224998
-0.0809755772
-0.0509957187
0.0685172454
-0.0068970006
0.034420155
-0.143465266
-0.0798701644
-0.104661718
0.0638159439
0.133156449
0.053324271
-0.0244205911
0.0513970181
0.112397641
0.130578294
-0.00280402717
-0.0203873422
0.0128544513
0.0386252664
0.0875793099
0.108339615
0.0825005472
0.129112527
-0.0174377989
-0.031186197
-0.101452254
0.188603759
0.192092344
0.188214928
0.0903539509
0.0360453315
-0.0163332298
0.174285695
0.0123203984
-0.104057223
0.00364444545
0.21645613
0.0749966428
0.135418981
0.149327591
0.160527363
0.0502180941
0.00135494955
-0.0357951783
-0.0463524684
0.166695192
-0.0672629401
-0.0822852701
0.0838867053
-0.0457488224
-0.167944521
0.0375992134
0.000281525485
0.106185198
0.208255246
0.153809503
0.102390483
0.0306292288
0.0217347573
0.10730274
0.108789489
0.107412718
-0.0246577356
0.158003792
-0.0979129747
-0.1592291
0.0777793825
0.0147997262
-0.20693557
-0.0326344147
0.0297598969
0.0152430357
0.00526467385
0.187312156
0.0530742817
0.0808448717
0.109128356
-0.0500167347
0.0405012406
-0.0426787324
-0.034642484
-0.106910944
-0.0718455315
-0.183198377
-0.0427787937
-0.071570918
-0.0781503692
-0.090638496
0.101037174
0.0343263224
0.075395897
0.126531586
0.150774121
0.112149216
0.0175514817
-0.071349673
-0.00750200078
0.0109235523
0.0782694742
0.117523633
0.0882378817
-0.184992969
0.0140181808
-0.0473262072
-0.061460495
0.0170771815
0.211451545
0.106430575
-0.0259273946
0.0507450998
-0.0400332101
0.0834884346
0.14632538
0.0378080904
0.0336621962
0.184563428
0.0591774583
-0.0341445506
-0.186690316
-0.193863273
-0.0166528784
-0.0416561812
-0.111980192
0.0479455218
0.0881893188
0.17392695
-0.00546816178
0.0941908434
-0.0421027541
0.0716755688
-0.0133571345
-0.0975522622
0.0274493806
0.190491974
-0.00874298066
-0.0742028877
-0.159893245
-0.147255018
-0.0167805757
0.0431117415
-0.197299376
-0.00500704814
0.0974101499
0.00750814937
0.048989471
-0.109586656
0.0840183049
0.00109719648
0.0923694968
0.123897322
0.0300908294
0.00353232049
-0.00923172105
-0.0156270321
-0.0828856602
0.0884014964
-0.0113712028
-0.077422373
-0.0863971934
-0.144969523
-0.0348881669
-0.0753195882
-0.0492140166
-0.0354151428
0.246509299
-0.0465541705
0.0461336039
-0.0715109333
0.100690611
0.209934965
-0.157761306
-0.110657886
0.0316672772
0.0433561876
0.0988900736
-0.00233457657
-0.0947005898
-0.128064543
-0.0161392298
-0.0671616644
-0.0946461111
-0.0491732657
0.0360127017
0.0654878318
0.161606237
-0.0551581718
-0.0971245244
-0.142543495
-0.0863131434
-0.0740631968
-0.0497676097
0.146455124
0.036811851
0.0834422857
-0.168525681
-0.00792525522
-0.0137664508
-0.136611417
-0.115694404
0.02639254
-0.00956220645
-0.028900113
-0.0288536008
-0.130241588
-0.159024522
-0.143874303
-0.0699240714
-0.0955111161
-0.179796875
0.153641731
0.0140877916
0.22524865
-0.0957864746
-0.0049683596
-0.00871712435
0.0380925275
-0.0204899423
-0.105389751
-0.0419577435
-0.142597988
-0.0610664934
-0.0919189528
0.0451355241
0.0750058368
-0.0806960091
0.0403949358
0.051528085
-0.00981703773
0.0871312991
0.044912193
0.00618958939
-0.000418530282
-0.051895123
0.143100798
0.0763753802
-0.0554797314
0.093701221
-0.0116960816
-0.00607640622
-0.0033641893
0.00243562786
0.0658550486
0.0137428157
0.119518667
0.00846586097
0.0244180635
-0.0228766799
0.127918899
-0.0669050142
-0.0388239734
0.0258490443
0.0727789104
0.064861767
0.109364964
-0.0517833941
-0.0427068584
-0.0490399189
-0.123161167
-0.0570018589
-0.0665819943
0.100098528
0.0503563136
0.0380804464
-0.104179777
-0.0643822625
0.0309603941
-0.00957954489
0.0717937127
0.0128693376
-0.024615109
0.108677067
0.0674369037
0.0113783916
0.100878909
-0.0500241406
-0.0766171515
-0.00163015618
-0.0124349054
0.142641366
0.054941155
-0.0688696504
-0.0638226122
0.052613277
0.141488537
-0.0371485762
0.13381353
0.0372063555
0.086239174
0.0732898563
0.039248921
-0.0358396545
-0.052506458
0.159667879
0.125078499
0.191892818
0.168718651
-0.0488693602
-0.0390045755
-0.140490428
-0.254018873
0.0308293812
0.0200925656
-0.0949558616
0.0277642272
0.00304512354
0.173873782
0.116856687
-0.0424687006
-0.0450628214
-0.0563331619
0.256607145
0.0658895969
0.0908544138
0.0985487252
-0.0265772641
0.027082175
-0.0149910264
-0.0812733471
0.0163430125
0.0247969739
0.0618341118
0.0403479747
-0.0497535504
-0.0285940506
0.0842164159
0.212394491
0.218757123
0.0748201981
0.0672345087
-0.0429489799
-0.104615055
-0.0619122088
0.0718740374
0.0313212276
0.0908943713
-0.131311715
-0.025553152
-0.110045165
-0.0842034891
-0.0799746662
-0.0156426243
0.00662181992
-0.0326013491
0.241896793
0.0861416757
-0.0936335102
0.0474507473
0.175239041
-0.00668111723
-0.117112011
-0.0033513736
-0.0492137745
0.0827764198
-0.115399621
0.0347190052
0.01956065
0.099129118
-0.0559615903
-0.0377627313
0.071441181
-0.0886236206
0.0650030822
-0.0195858963
0.132720575
0.0965804234
-0.00876244251
-0.0803193226
0.0305083599
-0.0504392758
-0.144891679
-0.105765872
-0.0240240619
-0.0502788052
-0.0869884342
-0.194278598
-0.156180188
0.0486971699
-0.000780042086
-0.000526125834
0.299948186
0.219351396
0.128014699
-0.0458934046
0.065937072
-0.0437652431
0.0811869949
-0.134910882
-0.117188737
-0.0508063473
0.00833332632
0.0332945772
-0.0331171304
-0.00573959714
-0.11840453
-0.0948286876
-0.056256447
-0.0609129034
0.0244549941
0.106213935
-0.0878964961
0.0918670893
-0.124316536
-0.113663837
0.0587801002
-0.0195462629
-0.0526640899
0.0126178432
-0.0562123805
-0.0798184052
0.0288547818
-0.0251449067
-0.0456196927
-0.0179991536
-0.0068832729
0.0224321932
0.0634648353
0.0961282179
0.041768942
0.210190937
0.0762744993
-0.105377495
0.0127231637
0.103487417
0.0137512311
0.0312354341
0.0536555946
-0.002517574
0.0894962624
0.0547471941
0.0536387637
0.122954495
-0.0758020878
-0.0805302113
-0.087982066
-0.145075545
0.073530674
-0.0490538441
0.0608034879
-0.150124058
-0.0990774855
0.0570434593
0.0618801862
-0.104941189
-0.131382212
-0.0164729264
0.107131533
0.121181116
0.00642753299
0.14154759
0.0385274924
-0.0474100597
-0.0445243828
-0.187197819
-0.0518564731
-0.108708985
0.0761757717
-0.00572799845
0.0382637009
0.0259230118
0.160136938
0.0795581713
-0.0447562523
0.0110006798
0.0934824944
0.0355618037
0.0790888742
-0.0341223478
0.0538255051
0.0502101332
-0.0359626599
-0.0925886407
0.0982417092
0.0977727324
0.163320765
0.0148388036
0.016135959
-0.0776061192
0.0388080329
-0.0502504706
-0.00471205544
0.0354613215
-0.0234702509
-0.0514539406
-0.0760857686
-0.0576650761
-0.10265816
0.0830083042
0.00799878407
0.146867752
0.0525437593
0.214552164
-0.0758950263
-0.0327182896
-0.0340363495
-0.212766051
-0.0607933253
-0.102930792
0.207614005
0.0179298017
-0.118395112
-0.0726300925
-0.158363521
-0.143261537
-0.139132544
0.0592728704
0.0679697022
0.153140306
0.155692384
0.0580219328
0.047252804
-0.00929003302
-0.0476082377
0.164776325
0.141357005
-0.111578912
0.00907403696
0.110148616
0.0459131896
-0.0406637117
-0.0902710855
0.0393647738
-0.00888924021
0.0948027894
-0.015260187
0.153236166
-0.008381119
0.012042895
-0.0216820892
0.0631312355
0.0113780331
0.131384403
0.111055531
-0.113609925
0.0438070111
0.0131186396
-0.119087949
0.0149460621
0.0290752873
0.0631515458
0.128276914
0.110793367
-0.0619433559
0.0334924795
0.0738502219
0.0462439619
-0.0907999054
-0.0284764338
0.00954064727
-0.00681785075
-0.0338302031
-0.0880414695
-0.115503438
-0.0500402823
-0.00313680479
-0.0173221137
-0.0549901351
0.0123006403
0.177995548
0.15667434
-0.0172587875
0.138210714
0.206824556
-0.0503166728
0.00535072293
0.0917887613
0.0704001486
0.121056058
0.0611045957
-0.0935776308
0.0734501854
-0.0418231338
0.0456517227
-0.0292245112
0.0376818068
0.0338125415
0.0203566495
-0.0470410809
0.0199713595
0.0297123753
-0.031915091
0.0555402972
0.13795799
-0.120157555
-0.112137392
0.000585201487
-0.020424068
-0.0571985245
-0.0979744792
-0.0324999839
-0.0111442003
0.00846469309
-0.0887597427
-0.133839116
0.154199585
0.0828943476
0.072072506
0.277306199
-0.0384831205
0.0422026291
0.108751871
-0.00121543161
-0.043293912
0.0173264854
-0.157621473
-0.168182909
0.0180600379
0.00464846566
0.0179549251
-0.0621684007
0.0091920048
-0.12991932
-0.00948288105
0.0544122867
0.243452176
0.190150693
0.0423723347
0.0866874605
0.0804043785
0.0302534197
-0.0177625678
-0.0998223796
-0.00953622814
0.0380661525
-0.0366429389
0.102668814
0.0998804048
0.139061853
-0.0150405029
-0.100307405
0.131695583
-0.0124303969
-0.0688066408
0.279059708
0.0332477689
0.0551694818
-0.0970208496
0.141668081
0.00943950471
0.00423915172
0.0486878827
-0.107285023
-0.0395701677
0.0109546864
0.0582599193
-0.0125625478
-0.0739866123
0.0207597688
-0.0497590788
-0.0139849074
0.0954627246
0.0858272612
0.0345799066
0.147164449
0.0463215597
-0.0227613021
-0.00202643964
0.0298091918
-0.0754076689
0.0543861017
0.141683817
-0.0111756483
-0.0496217273
-0.121566564
-0.0228278209
0.109825328
-0.0434140302
0.0162035357
0.0110638402
0.136543319
-0.128878877
0.0168821607
0.0329279341
-0.0206990298
-0.0386838801
-0.0784306899
-0.0740321949
0.0264317524
0.0960054323
-0.0845861137
-0.03496667
-0.050124526
-0.0371156707
0.00800002832
0.118747413
-0.0184201989
-0.020658236
-0.0584916361
-0.0699693635
-0.172285303
-0.0777985007
0.0472064763
0.14077279
0.0385113023
0.196179539
0.0557451993
0.0586505868
-0.0835984275
-0.0810202807
-0.0812680349
0.0359331183
0.029666584
0.147670329
0.0612335876
-0.0955062509
-0.135553673
-0.121053487
-0.0539698936
-0.00210597669
-0.00618112227
0.0532366671
0.134584665
0.0830163658
-0.126438856
0.0290509779
-0.0656781346
0.0347789116
-0.023301471
0.000171301552
-0.000378474913
0.0367359444
0.0686575621
0.0581889004
0.0552533306
-0.0218050797
0.0237196051
-0.245509565
-0.115351789
-0.0862708762
-0.0810076445
0.0758522078
0.0154972952
0.0331722572
0.0215843748
-0.0570881367
0.0118525056
-0.0395275503
-0.084034346
0.0282288641
-0.005215907
0.0237717479
0.00621554861
-0.0959153399
-0.00277515594
-0.148102686
-0.0856803954
-0.106023192
-0.0675877407
0.0267044548
0.107409954
0.0444803312
0.0298809633
-0.000607925642
-0.0221078917
0.019355027
-0.0764568448
-0.0745614618
0.0877416059
-0.108816348
0.0490263216
0.0455140807
-0.111684062
-0.145012125
0.0315984376
-0.0109594325
0.0881213695
0.102405846
0.0427452177
0.207819939
-0.011889644
0.00566809718
0.0304936729
0.112462722
0.0730852261
-0.0260514524
0.0159876887
-0.178321183
-0.0883443877
0.001876747
0.063566193
-0.0916763842
0.0737621859
-0.0663465112
0.0534387752
0.128155068
0.0436004773
0.0389731415
0.0216582175
0.229413256
0.0536323078
0.0953872651
0.0855208188
0.156514823
0.136984572
-0.00841820519
0.150286734
0.0325268731
-0.000820941175
0.0123498235
0.035449516
0.0311509967
0.10002134
0.154779032
-0.0152536938
0.00653669005
-0.09094432
0.0629915446
-0.031030966
0.0872347727
-0.00961878896
0.0172758717
0.0299811736
0.0038841262
0.00628046598
0.0693241358
0.240174815
0.00455626799
0.150524005
0.168183267
-0.0111335749
0.0718894005
-0.0431866907
0.0414647236
-0.114758693
0.0120466407
-0.0503395833
0.127025723
0.0985681638
0.0243576281
0.134716064
0.171393156
0.243824214
-0.0524963066
0.0344051495
0.165995419
0.0250467639
-0.0771362036
-0.0695258752
-0.165243313
-0.0625915453
0.0117823463
-0.0330829918
-0.0525038727
-0.161321536
-0.139982104
-0.170792609
-0.0594724528
0.0296651442
0.168182209
-0.00227884878
-0.0470482111
0.220908195
0.159034118
0.0995246992
0.029725844
-0.193337083
-0.108576939
-0.179886222
-0.060521923
-0.0397812463
0.0123677365
-0.0669642836
-0.169711769
-0.028741071
-0.00205307384
0.0552467071
-0.111469209
0.174593002
0.156244293
0.0956013054
-0.132758811
0.144978359
0.0372301526
0.100737393
0.149877414
-0.0975135192
-0.0342495441
0.0401065014
0.0146129811
-0.0990237519
0.091449596
0.106421836
0.063778542
0.188535616
-0.181147069
0.0984656438
0.160907358
0.19830288
-0.0929187015
0.0750137344
0.0260674097
0.130288735
0.0973798335
-0.108857311
0.0300072301
0.0658071488
-0.0787494779
-0.100788563
0.165955856
0.0903254598
-0.0466244332
-0.0151037518
-0.0712619796
0.0124187106
0.0337049402
0.136004448
-0.038951043
-0.0282503311
-3.91904432e-05
-0.0934750214
-0.144483387
-0.0736664981
0.10133294
0.0119244689
0.0187723134
0.0281207953
0.0145035498
-0.0109951356
2.91874239e-05
-0.0377850458
-0.0151377786
0.0873514712
0.0788844451
0.0423249081
-0.0745156407
-0.018835485
-0.0388459414
-0.00443789689
0.00413239095
0.0247639883
0.0262438469
0.0318548642
0.116464332
-0.0731760859
-0.159128174
-0.117208734
0.0593005419
0.0174255539
-0.136591196
-0.203610435
-0.0473213643
-0.0435939692
0.00334894587
0.00174570573
0.0858879462
0.151345611
0.0277591906
-0.181478828
-0.0838261694
0.159646779
0.0574780293
-0.136689633
0.0378971025
0.0729773566
0.101447307
0.0287357401
0.0117449705
-0.0389988534
-0.00549885677
-0.239324152
-0.177171364
0.0146465125
0.0822521672
0.0326129831
0.0204947293
-0.142232955
0.0860776231
0.162265927
-0.0652426779
-0.204820007
0.0269935299
0.174894929
0.0433097184
-0.0526972339
-0.05272967
-0.0261133537
-0.0715488568
0.136761025
-0.108585954
-0.0177539084
0.0341153368
-0.0142185278
0.000952350674
0.0576448552
0.0697559118
-0.0412530489
0.0627506748
-0.0227215923
0.0200689919
0.0452975333
0.0184253789
-0.0219572727
-0.133664638
0.174253017
-0.0610475205
-0.0288630426
-0.0917889327
-0.0855859071
0.0451481044
0.0430691354
0.02158379
-0.0176696051
0.0654091537
-0.034574572
0.131743073
0.08179304
0.00423758477
-0.0125580402
0.00150068267
0.0574350283
0.0176928174
-0.0186807457
0.0235968903
0.131164387
-0.0225159992
0.0854775086
-0.0022679586
0.0722181574
0.0114526199
-0.00847207662
-0.133325219
0.0351306573
-0.0180927198
-0.118102625
0.123176977
0.143755332
-0.0484963097
0.00548327621
0.0541719794
0.0857620686
0.168231234
0.172836691
0.0643877909
0.0333896913
-0.117755748
0.0352455601
-0.0666202605
-0.0466500521
0.0400592834
0.103706256
0.0203657951
-0.104578942
0.148878738
0.159410313
0.0691416264
0.0550476313
-0.00857394375
-0.0702501833
0.165705353
0.0919120535
-0.0172434673
0.143274635
0.174899846
0.0562811792
0.0158868488
-0.0302994344
0.0462535992
-0.0352162793
0.0375060514
-0.0574544109
0.0818933621
0.111935176
0.0268502235
0.00418851757
-0.0838784277
0.125246525
0.011152193
0.0767672807
-0.0677371919
0.119972989
0.143580079
-0.00867176894
-0.0219917148
0.00512914872
0.0363470465
-0.035555467
-0.0719151497
-0.137855142
-0.0489637479
-0.0531513579
-0.0267571434
-0.0426981635
0.102130711
0.0801854879
-0.0268983245
0.257794321
0.0927312225
0.0685090125
0.161403388
-0.122477338
0.0125717111
-0.0320215523
0.00497787027
-0.0108050713
-0.0141577208
-0.167024821
-0.137532622
0.0392109044
-0.117646374
-0.106650837
0.127544865
0.0372356437
-0.0514202155
0.0346545577
0.0167811811
-0.0483729169
0.0227315314
-0.115365513
-0.0716400221
0.00757758832
-0.00213935715
0.0028169807
-0.1177129
-0.0261792969
0.00765937474
0.0228167716
-0.0275429115
0.109894216
-0.0371469408
0.0561676398
0.0174111985
0.260935366
-0.0425311103
-0.0248680636
0.121241003
-0.0205911342
-0.0844391584
0.0167739987
0.12229342
-0.0849798396
-0.021900408
-0.0444377027
0.0212145336
-0.0347872898
0.0115930224
0.0484997593
0.0766690671
0.0677131191
0.0557419658
0.204588041
0.247661814
0.0747607499
0.00773434108
-0.126522318
-0.0153165143
0.127082035
0.0877774581
0.163459986
-0.0868806392
0.0135296742
0.0113822054
-0.126038656
-0.0579257086
-0.0503545478
0.041997578
0.0349837244
-0.187114716
0.160623193
0.06492351
0.00815641508
-0.0653057545
0.0242464747
-0.0472646691
-0.0470463559
-0.0455247089
-0.162342951
0.0621197559
0.0481299385
-0.0868721306
-0.0591661818
-0.00432180567
-0.0289154518
0.00463368231
0.0956245884
0.0492870808
0.0434411839
0.0688360557
-0.0169715695
-0.0440540686
0.137212604
-0.0023186102
-0.109549373
0.00732002454
0.0607567951
0.115271464
0.0429126993
-0.0522323996
0.0134381913
0.0441450626
-0.00789225847
0.016654104
-0.0996509045
-0.173354626
-0.0984683558
-0.0642231852
0.0643173009
0.153125644
0.0107245147
0.00860468298
-0.00240523182
0.00725485384
-0.0885614306
0.00919488631
-0.0660993606
0.133148074
0.151300371
0.141410351
0.0534965917
-0.092027992
-0.158258513
-0.0461393818
-0.0460112616
-0.029166868
-0.0394273549
0.111940429
-0.00680242805
0.0341896676
-0.11809025
-0.12959756
-0.045051787
0.0240447782
0.0416310094
0.188816875
-0.00896569341
-0.0984680429
-0.0819646344
-0.160999388
-0.0119657805
-0.0594162233
0.0142758265
0.0501578525
0.024193218
0.0277323406
-0.0667262077
0.0220724512
-0.00805627089
0.0121462392
0.00146480638
-0.0033887967
0.121408954
0.0464019626
-0.0682647526
-0.0826471671
-0.147193968
-0.278946817
0.063274011
-0.00435987348
0.113130756
0.0533713587
0.0548205264
0.0255274083
-0.0887680873
-0.0767824799
0.00156884559
-0.0499440804
0.0255825855
0.0710967109
-0.0244372301
0.051965598
-0.0849869847
-0.0087737916
0.00207496458
-0.0813054964
-0.0901112333
0.0723703578
-0.0157002024
0.10856811
0.116296843
0.0186693706
0.0380150154
0.126516372
-0.037017554
0.122674152
0.0233335793
-0.1202465
-0.0572922826
0.077444911
0.148236468
-0.0580607653
-0.0599300601
-0.12061815
0.00567764882
-0.00320228422
-0.0706589371
0.116449431
0.0664562508
0.0684575737
0.00647275569
0.0417871028
-0.0355022959
0.014922536
-0.0652652979
-0.0448629819
0.0420518406
0.0765110552
0.0828611031
0.0973238423
0.108612157
0.0801796839
0.263682932
-0.04495316
-0.0724454373
-0.0410864763
0.0963340551
0.125177413
-0.0384779386
0.0518465452
0.0721108317
0.0557830334
-0.00114667381
-0.113911726
-0.0175513793
0.0231556781
-0.00131740328
0.183694527
0.194776073
0.128023699
0.120874435
-0.0665121973
-0.00860490277
0.0254993234
0.124050349
0.0919508412
0.0284798928
0.0302334372
-0.117700472
0.0125700058
0.0462675989
-0.23076576
-0.172200099
-0.0302294698
-0.0559766516
-0.11888314
0.0103786672
0.174474657
0.0457634889
-0.0504462011
0.13069737
0.234364659
-0.0375283211
-0.00419429969
-0.0433531255
-0.0488582104
0.108777776
0.0334445052
0.0123549607
-0.0918920636
0.115809329
-0.0276228841
-0.0178395621
-0.0517932177
-0.0851239413
-0.0585800186
0.0660579056
0.0945755392
0.160174504
0.23860015
0.106044292
-0.016527513
0.00595762581
-0.0653838515
-0.103184573
-0.119512789
0.0139082791
-0.180954009
0.0599914379
0.0378134027
0.0894381851
0.0585415363
-0.0484931953
0.0685993955
-0.0381695405
0.119252861
0.204652086
0.275640815
-0.00806673337
-0.0222457517
-0.103436075
-0.11084979
-0.0233463552
-0.0468503609
0.017571684
0.0450764708
-0.0426408872
-0.118895091
-0.140615404
0.0699940473
-0.0342396758
-0.0437652431
0.0249809306
0.152870461
-0.0432352982
0.0389796421
-0.0875914693
0.0875020176
0.0560766906
-0.150129139
-0.235157862
-0.0649731606
-0.0160527099
-0.022061117
-0.127561763
-0.148992479
-0.0459487177
0.00395284826
-0.0960260704
0.0955873355
0.229085788
0.0576638952
0.136678964
0.0982954726
0.0332377739
-0.00333924405
0.10709165
0.0594810136
0.07767158
0.0786757916
-0.0809295252
0.0162391793
0.0397377349
0.0342447869
0.101992957
0.133426651
-0.105755158
-0.145945385
0.0675285831
-0.0939913169
0.0886686966
0.0139015866
-0.0629566163
-0.0465540364
0.00485485652
-0.0451011844
-0.0728582889
0.0246878564
-0.0233340524
-0.0183443762
0.00849815365
-0.061003197
-0.0307269096
0.00278196996
-0.0073258034
0.117317468
-0.0990660787
-0.073479183
-0.225970924
-0.0397521332
-0.0209314283
0.0303748325
-0.00597224757
0.0777633488
0.0728327855
0.122979693
0.00345903775
-0.0501084998
0.0673844293
0.171806961
0.0427978598
-0.131275713
-0.169401884
0.0200687125
-0.0142740216
0.0693425462
-0.138717622
-0.0578286611
-0.101452917
-0.0884105265
0.108979322
0.0047207349
0.0884271115
0.125643477
0.00175247784
-0.0785540342
-0.103834085
0.0404583588
0.0251275729
-0.0467475578
0.00853949785
-0.0231038127
0.213165805
0.0647091046
0.121149398
-0.00120874716
0.066387333
-0.0976290405
-0.147519782
-0.12224891
-0.0494137444
-0.104318589
0.00605243444
0.154559121
-0.0949560851
-0.0699693039
-0.223885819
0.0177971832
-0.0062352824
0.167540148
0.0522300825
0.0661153495
-0.079747878
-0.0685369521
0.0375894718
0.0647921264
-0.0443673432
-0.0767086074
-0.0610504188
-0.0191112775
0.0296554826
0.0123974942
-0.0650085285
0.055438444
-0.0787553936
-0.114272043
-0.00947224535
-0.0166517776
0.137742147
0.0733134001
0.111097775
0.0660616457
0.0440106951
0.00541185169
-0.113042541
0.0280573554
0.182996497
0.0155469486
0.0260093808
0.0924142152
0.214586675
0.196888849
0.189883471
-0.102529265
-0.0757495388
-0.131127775
0.0290409457
-0.00836909562
0.0655848756
-0.0768705234
-0.0862313211
-0.122183733
-0.0169034582
0.0221289247
0.154403314
0.118272521
0.0307624824
-0.0330985337
0.026155401
0.152510911
0.0966722742
0.0702381954
0.0872722417
0.0959846601
0.0619592965
0.060518194
0.114496365
0.150820956
0.186507568
0.0809836611
0.0194707215
-0.0179492217
-0.212118387
-0.0518062375
0.0563486814
-0.165689364
-0.0606319457
0.144078076
-0.0107768429
-0.0114740618
0.0215333924
0.0821870342
0.169314116
0.137971833
0.178557917
0.0469434261
0.244927064
-0.00540690264
0.00543935411
0.0228862911
-0.186781794
-0.0564532876
0.0968354568
-0.0600028038
-0.0815764517
0.190890267
-0.05864501
0.0227086283
0.0121651888
-0.0812059194
0.0148113659
0.0950674489
0.119859569
0.0997407809
0.0722605661
0.0721306056
0.197880462
0.0157988444
-0.0651048943
-0.00600908883
-0.00664741825
-0.128208607
0.112663999
0.0716522932
0.103023343
-0.0331151411
0.059953209
-0.0439198315
0.0463466533
0.0758619979
0.0288041122
0.20940347
0.0169898868
0.0354880244
0.119345233
-0.097326614
-0.0496229567
-0.0657541081
0.00253226468
-0.175720051
-0.0859224051
-0.103000909
-0.0345110521
0.186586142
0.0316267721
-0.093336612
0.0190474056
0.0289045703
-0.0373912081
0.0866882727
-0.0194588434
0.151650146
0.0758073404
-0.0218788199
-0.165418312
0.0394970514
-0.0428940095
-0.143112883
-0.120865151
-0.0456755757
-0.0105809607
0.158023775
0.0349339657
0.0372766294
0.127948239
0.0946948305
-0.0511331186
0.0426499732
-0.0151424957
0.11860121
0.0543874726
0.075557299
-0.125441656
-0.0300196204
0.0499124005
-0.183325633
-0.200305685
-0.0465452336
0.0820761919
0.140720963
0.0859580338
-0.0373526439
0.0133197336
-0.03177201
0.238790989
-0.00905704126
-0.0783582851
-0.0998442024
-0.0151955662
-0.140604392
-0.087121591
-0.0231522098
0.0808021873
0.0575367361
0.0169081911
-0.115033731
-0.145285323
-0.00934005156
0.0131203476
0.120828167
0.0823810399
-0.0305568185
0.0437443554
-0.125565708
0.0336425006
0.0102491537
-0.0673079938
-0.143396273
-0.0953617394
-0.0586915873
0.0435831062
0.0909476951
-0.12581192
-0.0393619202
-0.032485351
-0.138747334
-0.152993754
-0.113718159
-0.0227330197
-0.0968778729
0.00596068194
0.0356420241
-0.0971985683
-0.130838543
0.0265550334
-0.014115517
-0.130052015
0.206034318
0.0081165256
0.122707509
-0.166623846
-0.0854003131
-0.0519600399
-0.140515387
-0.0910280943
-0.0971198231
0.212071747
0.0855063871
0.00496473256
-0.079450272
-0.1234034
-0.0797806755
-0.0224247985
-0.000325535308
-0.194489717
0.104888707
0.046413973
0.15946497
-0.023179017
-0.0796885267
-0.0854003876
0.0823026672
0.00368037121
-0.00355234486
-0.0283920784
0.00992309861
0.104730748
-0.0396488346
0.0839010105
0.12487258
0.037009269
-0.028517846
-0.0618830174
0.120943367
-0.00313659618
0.0397391655
0.0586986244
0.137049899
0.0348968431
0.093965672
0.0439314619
-0.113173984
-0.0406548344
-0.139431253
-0.0396250635
-0.113286369
-0.0310546644
0.0428160839
-0.0575910956
-0.00696176011
-0.035722021
0.0547262728
0.0946835577
0.00356818642
0.0169111006
0.018285729
-0.0754347891
-0.0350341834
-0.0428455286
0.0140251517
0.00809336361
0.0605577715
0.0749800205
-0.00840189401
0.111226097
0.112695254
0.156642169
0.130759001
0.181357041
0.130695805
0.0348949432
0.105172366
0.146865934
0.417179704
0.246197537
-0.110654756
-0.0979650244
-0.0585737936
-0.129270583
-0.0924682468
-0.0890720114
-0.121194035
0.0386616923
0.080567047
0.121372975
0.00851163547
-0.0732059777
0.0156331435
0.128399476
0.07748916
0.0281383432
0.209579274
0.144053072
0.0242649131
0.0680248961
0.130355328
0.178857267
0.140305519
0.143103316
0.0689156428
0.283148944
0.100198984
-0.019514136
0.0200221278
-0.108165555
0.0666881278
0.0554888435
0.0901903287
0.174497738
0.166322201
0.0201863032
0.0428012274
-0.0136369392
-0.00845003035
0.126949459
0.22377786
0.0489416234
-0.064316608
0.110561147
0.0560053103
-0.0834998637
-0.0426501147
-0.203308359
-0.0934831351
-0.15929991
-0.133494586
0.00664672162
-0.0597841851
-0.147542417
0.0304244477
0.294387817
0.124254584
0.0753346905
0.192366064
0.153457463
0.132556036
-0.0136348475
-0.017053755
0.032625366
0.0222315509
0.0281706639
-0.134796143
-0.0089936899
-0.095290862
-0.0714086443
-0.0396018662
-0.000726441271
-0.0202087965
0.125832334
0.0722954795
-0.00623221183
-0.114545509
-0.022056492
0.0813531727
-0.167668536
-0.204865739
0.00964656845
0.0198704377
0.180980176
-0.0285290629
0.0672058687
-0.0947240144
-0.0769206882
-0.00320500275
-0.066596806
0.0455803052
-0.0148231285
0.0559479147
0.010478287
0.125087082
0.00407760963
0.0353118405
-0.0334968865
0.0733969212
0.0541529953
0.0549421161
-0.0230314136
0.0403521135
0.120250367
-0.124667801
-0.0797975287
-0.0915944278
0.0216240101
0.0244090352
0.00268208561
0.187442392
0.0783784464
0.0166417472
0.0154717229
0.0431794189
-0.0352455378
0.0331563465
0.14618431
0.123131707
0.0396856852
0.0230290405
0.215979785
0.00124006858
-0.0456637144
-0.114670016
0.01970152
0.0810649693
0.0438064523
0.101006627
0.0883418024
0.0798268542
0.00371954544
-0.0931360051
-0.00315802079
0.0956346989
-0.0335656106
-0.114596322
0.0160440207
0.0831923485
0.136877701
-0.120446265
-0.168406159
3.51876733e-05
0.0427748486
0.219753474
0.105654396
0.0814860165
-0.0433820188
0.015021666
0.159369871
-0.0593623929
-0.0278852489
-0.0042106593
-0.00929524656
-0.0370972343
0.014554739
0.0537070446
0.00165489025
-0.0525133908
-0.25200963
-0.047750812
0.0373626985
-0.0224808455
-0.00873984862
-0.0445185043
0.0190461259
0.0102935378
0.0674609542
-0.0536148064
-0.0584102757
0.0570267625
0.00913977437
-0.117582969
-0.0972777233
-0.0411116481
-0.0142858597
0.00500670169
0.0606457368
-0.024229683
0.0596745834
-0.0754464343
-0.0293039475
-0.0165489949
0.0627769157
-0.0182011668
0.159251586
-0.0571192615
-0.118012428
0.0950412676
-0.0902944654
-0.0798768997
-0.17234607
-0.0352564529
-0.0333709605
0.000947266759
0.0222755708
0.0165735818
0.0286282301
0.0548245944
0.059467636
0.0559525378
0.019436406
-0.108816497
-0.0894777328
-0.0203037113
0.0211091824
0.0115645248
-0.099151291
0.110235013
0.0128858062
-0.0159717668
0.2323208
0.112848543
0.054843571
-0.00230211462
-0.148493141
-0.120059974
-0.116066761
0.0232265126
0.115096964
-0.00454876991
0.0858150423
-0.0158173256
-0.00916375406
0.0328921191
-0.20595099
-0.174486205
0.0585916825
0.0650884658
0.14716132
0.0932267085
0.0760549828
-0.0519711152
-0.131251305
0.00879826676
0.0248527657
-0.0773911625
0.0260092132
-0.0309742689
-0.00591379078
-0.00934217032
0.127724826
0.0995558202
0.0832442865
0.0344395563
-0.0304194726
0.186208159
0.0820818469
0.170760855
0.077206701
0.320993692
0.199801132
0.00259479927
0.059010189
-0.197477549
-0.166639686
0.0105060115
0.101566702
-0.173472017
0.00179500063
0.0528641567
-0.0410126001
0.0568598919
-0.0710678324
0.0767800212
0.0521507375
0.185654417
0.0734245703
0.0627410039
0.0432200097
-0.0215882398
-0.0219973549
0.0109155625
0.0089320289
0.20031172
0.0507572256
-0.138739005
0.197483644
0.127939016
-0.0437355526
-0.0240925774
-0.0701029897
0.127217755
0.0163917299
-0.0436810888
0.0195736475
0.0782901123
0.0735052079
-0.126184836
0.0352641195
-0.0107373167
0.0160731189
0.0263884515
0.120528542
-0.0881595761
0.0897551253
-0.0111631593
-0.0658583641
0.106368668
0.0820296332
0.152643397
-0.0301146768
0.00706997328
0.0128788985
0.000668546127
-0.0337274969
0.00681972876
0.0326524526
-0.00141634454
0.0418248288
-0.00089109235
-0.0913031623
0.0626925677
-0.0106117399
0.0110631716
0.0968168825
0.0308934413
-0.10586603
-0.0711574554
-0.0329236053
-0.0665439144
0.0315016247
0.0746423826
0.0418046676
0.0383923315
0.0627080426
0.0342130587
0.0316573083
0.0714922473
0.126345754
0.0452240072
0.0530270301
0.0429113954
0.196227431
0.0178777557
0.0252463911
0.0840612575
-0.0260716211
0.118082881
0.102546915
0.0629709736
0.139142931
0.113451816
0.0322487578
-0.0495426543
-0.0884129703
-0.127065286
-0.0530719757
0.171698406
0.172727689
0.0462957658
0.0362212509
0.0229518265
-0.0636796579
0.0259642843
0.13919279
-0.0977616981
0.0898845643
0.00404202519
0.0410208516
0.191819131
0.078000471
0.0950890481
0.0488633662
-0.108245686
0.0594443269
0.125416458
0.0876601934
0.100734942
-0.00896966644
-0.011481829
-0.0348350443
0.0661721528
0.141068324
0.00628550444
-0.100857906
-0.0390591696
-0.129499897
0.0849617273
0.0867330283
0.086623691
0.00363301812
0.0602416806
0.153177619
0.229875386
0.0422121286
0.0289683305
0.0159393437
0.0127993617
0.102565549
0.138289884
0.0243524909
-0.0346928947
-0.114130691
-0.0733601376
-0.0392392538
0.00887077954
-0.0591706857
0.0444233902
0.146389633
-0.0231857374
0.0893257633
0.0765921175
0.0596990138
-0.0809365064
-0.0365864299
0.0263077132
-0.0674875602
-0.0288881995
-0.0558806919
-0.068478249
-0.0717521608
0.058248058
-0.0505936481
0.0165249072
-0.0130937006
0.101476066
0.264064759
0.0793012753
0.105861485
-0.113622494
-0.0572513267
0.114475921
0.0610308349
0.0455777571
-0.0769565329
-0.02505612
-0.11190065
-0.0988556594
-0.0809204206
0.0695563927
0.196902514
0.00582688069
-0.0449449196
-0.0826715529
0.051450219
-0.0799521282
-0.0409437083
-0.0723750964
0.105742462
0.10090176
0.0337732024
0.0522661693
-0.199090675
-0.133041009
-0.137185022
-0.15308024
-0.11666742
0.134428367
0.240396351
0.0237781741
0.00134106027
0.027414795
-0.0289160572
0.131043568
0.0659154952
0.121952914
0.10550046
0.0894031003
-0.0169950873
0.0644164979
0.132438466
0.0235427879
0.0566450506
0.0724971741
-0.00556227891
0.0670341328
-0.0023638641
-0.013636698
0.0791862383
0.0243205763
0.0215923954
-0.102776714
0.0250057224
0.0451131761
0.047799781
-0.000163903678
-0.0713591799
0.0360246822
0.163861871
0.15231663
-0.00225413707
-0.053680636
-0.0315393768
-0.029160792
-0.0981201828
-0.0142040728
0.133542284
-0.0368003249
0.0535830595
0.275882661
0.187049016
-0.131979555
0.0733874291
0.0421909429
0.0687376708
0.138195395
-0.00287641888
0.280921161
0.164698511
0.0518727377
0.0405708626
-0.0366585776
0.0284913294
-0.120366156
-4.64799377e-05
-0.130676866
0.0682721883
0.153779626
-0.158721089
-0.157681793
-0.0740129724
-0.0323809125
-0.0502528399
-0.0947680846
-0.148436219
0.107334085
0.0845988989
-0.113997608
-0.138378486
-0.0401373766
-0.00282645528
-0.0762303993
-0.0414229073
-0.0915972739
0.0994831622
0.157053858
0.0381585471
-0.0438512787
-0.105199218
-0.0306163989
-0.059856575
0.00810247567
0.0146655487
0.120917536
0.224063188
0.0468842313
0.0282704066
0.0261905789
-0.0137268594
-0.0484843552
-0.113367282
-0.0957520753
-0.0779094771
0.0655536056
-0.228044301
-0.179169223
0.0344437212
0.102586024
0.0414129309
0.0609905459
-0.0231419913
0.162120223
0.0447182655
0.174999699
-0.0267048739
-0.0250867289
0.00204353221
0.000387726061
0.00155875122
0.012967499
0.0138072763
0.046630986
0.145917967
0.104255199
-0.0344813801
-0.0261405315
0.0589756966
-0.0186286028
0.079643324
0.150636286
0.0309132989
0.0259100404
0.103450239
-0.0540425964
-0.0169590488
0.0191211458
0.0232104454
0.0225859303
-0.0175120551
0.104924142
0.0961218625
-0.0317503996
-0.104151286
-0.0230628084
-0.0461407229
0.0446433574
0.0398558602
0.0677455515
0.109169185
-0.0184403118
-0.0706568584
0.0136730298
-0.063437596
0.107819088
0.0912957788
0.132818416
0.0987814739
0.0719932988
0.0860065147
0.0106609641
0.00879548676
0.0314831883
0.025993906
0.0621427596
0.0122838616
-0.0549073294
0.0789590925
0.0224178918
-0.186897218
-0.0643405318
-0.0787321925
0.0718276501
0.0589167662
0.113300078
0.124499962
0.0655513704
0.105500169
0.00377024547
0.111404404
0.110582218
0.130302057
0.0455115885
-0.0779483914
-0.128375217
0.0562440529
0.0609263219
-0.10933505
-0.00284197461
0.0578219071
-0.00903745368
-0.0431189723
0.0691963434
0.177630395
0.038484998
0.0735913068
0.0665881187
0.0975836888
-0.0877284482
-0.0827229992
-0.0711344033
-0.0787572414
-0.01620676
0.0170173794
-0.0383140855
0.131888211
0.164013639
-0.0497637503
0.130379811
0.0612573884
-0.0681390017
0.00720228301
0.0222373586
0.187129229
0.158560976
0.108528107
0.101660825
0.114707783
-0.154843882
-0.138326913
-0.149376705
-0.0102247866
-0.0480050147
0.0796040148
0.00376039138
-0.016741313
-0.0154412426
-0.0107318973
0.0655664578
0.00166328729
0.0106613282
0.0429977663
0.117537126
0.156242326
0.0990314409
-0.0402470157
0.0838099197
0.0501064882
-0.0224084146
0.021475656
0.00768712489
0.0503167175
0.169620767
0.109072961
0.159228891
0.019527657
0.0997091085
-0.0904431492
0.0118882125
-0.0755937919
-0.0447173528
-0.0507337674
0.042356316
0.0398559496
0.0786998123
-0.00693926727
-0.0890626609
-0.0498522036
-0.0439783148
0.00741766859
0.0213184487
0.0842954367
0.0583026931
0.230368406
0.100588404
0.093490839
0.0241587143
0.0409780815
0.0525202826
0.112776093
0.0734075084
0.0885898322
0.0652719438
0.0415666997
0.322515011
0.144318685
0.0408849642
-0.0289872065
-0.051838778
-0.0583366714
0.0793279335
0.0884445533
0.0188790113
-0.141795352
-0.174273446
-0.0166414827
-0.0651775226
-0.0417030491
0.0992774293
0.0210462455
-0.13973701
-0.0998186767
0.0416890159
0.0127675459
0.108328007
-0.0562406145
-0.131397083
-0.129973054
0.0246439055
-0.0323749185
-0.0539884344
0.0908691585
0.259250671
0.0686244741
-0.0750014558
0.00568327075
0.0665051565
-0.0301926062
-0.10306406
0.0329049975
0.198956475
0.151698738
0.127813026
0.200317383
0.158526167
0.0155591862
-0.082536988
0.0325548463
-0.118672788
-0.122501366
0.278382033
0.0517438278
0.0584799461
-0.0273274705
0.0125749251
-0.0709860623
-0.149248779
-0.0409787223
0.0276950765
0.216570601
0.139605939
0.050259538
0.0558254234
0.0297810994
-0.0164289623
-0.0699347407
-0.0270089451
-0.0936459675
-0.0592610426
-0.0876677036
-0.0181855261
0.123073235
0.0157324914
0.118516356
0.10882476
0.0665121898
0.244806036
0.157889187
0.260831684
0.0927342996
0.0534156002
0.0361869261
-0.108721763
-0.171800882
-0.152635843
-0.206340805
0.058970686
-0.117442369
-0.105895579
-0.032759212
-0.0952113941
0.0610463284
-0.116278432
-0.0980808958
0.114471756
0.0814535618
0.154658943
0.0893420652
0.181581229
0.0497154854
0.11423751
0.112902954
0.0502261519
-0.102541871
0.123713635
0.178875148
0.121297613
-0.0827064514
0.0110265417
-0.0373836942
0.0762425289
0.024247257
-0.0133928964
0.164052859
0.00221061031
0.106097385
0.083725743
0.0112569705
0.0698726103
0.0505939536
-0.00762381079
-0.0652451515
0.119244911
0.0312918425
0.130989209
0.156839669
-0.004773458
0.0924721137
0.115725361
-0.154843897
0.0103378976
0.0843367353
-0.0141070476
0.131602228
0.170889482
0.0691217035
0.0205571484
0.0642410368
0.0370408483
0.180022791
0.0659591928
-0.0175719038
0.0485607348
0.130926296
0.00962202251
-0.0129210809
0.121150568
-0.0559959821
0.0359609127
0.0495767966
0.0232733972
-0.0441214927
-0.00495169684
0.123271704
0.0318489634
0.0375236794
-0.0537297502
0.0579429604
-0.0313786045
-0.029170353
0.0350050069
0.16763708
0.0911525115
-0.0181918256
0.0261808317
-0.0665302202
-0.119956136
-0.182504341
-0.16589275
0.0232034195
0.000227471421
0.101700522
0.0372922271
0.0407195129
-0.0811987147
0.0455129258
-0.0634930432
0.0883319974
0.0609530807
0.135271475
0.0925636366
0.0248791296
0.0499035493
-0.0774515718
-0.103192158
-0.138117254
-0.195614368
-0.133727774
-0.0459075496
-0.109220453
0.0853474811
0.144871876
0.149069712
-0.0452201255
-0.171878189
-0.135966092
0.0270912275
0.210722402
0.130248755
-0.0725942552
0.0151228504
-0.0888685808
-0.179507226
-0.369239569
-0.316827893
-0.102531828
0.0993283987
-0.0144957574
0.320286781
0.21273081
0.00416989578
0.0863604471
0.00375689496
-0.0392385796
-0.119546048
0.0534865968
0.185218289
0.023898609
0.0115107847
0.0217167865
-0.0581928864
0.0745656341
-0.0689301118
-0.0695603266
-0.0484355725
-0.0212670099
0.0883526653
0.23620452
0.0959974825
0.0130938869
-0.15945363
-0.0011730023
0.0523353852
0.231128484
0.107269153
-0.104385473
0.016608078
-0.0127523653
-0.0447052903
-0.0814445987
-0.10357362
-0.0665597841
0.103489958
-0.0963627547
0.0663137436
0.0174327362
0.0921966136
0.0491835251
-0.00350008486
0.18862319
-0.0035122612
-0.0188718662
0.0583191328
-0.00874552969
-0.137661621
0.041957248
0.102265403
0.109738864
0.210821211
0.012431263
-0.0477117077
-0.0307746846
0.144111097
0.152884141
0.0870827958
0.0328164138
-0.0831798092
-0.0492122993
-0.0311795045
0.0469800383
0.0236430205
-0.0456921794
0.0697964802
0.0593274496
0.0866624042
0.108528562
0.0910456255
-0.0842938274
-0.097057119
-0.102990836
-10.7237442893
